11000000000000000000100000000000
11000000000000000011000000000000
11100000000100000000000000000011
00001000001000100000000000001001
00011100110000110000000010111000
00011100110001000000000011001000
11000011001000100010100000000000
00010000101000000000000000000001
11100101001010000000000000001100
00011000110001010000000011011000
11100001000010000000000000000001
11100110001100000000000000000100
00000000000000000000000000100011
00010100000000000000000000001101
11111111111111111111111111111111
11111111111111111111111111111110
11111111111111111111111111111101
00000000000000000000000000000001
00000000000000000000000000000010
00000000000000000000000000000100
11111111111111111111111111111100
00000000000000000000000000001010
00000000000000000000000000000111
00000000000000000000000000001001
00000000000000000000000000000001
00000000000000000000000000000000
11111111111111111111111111111111
00000000000000000000000000000001
11111111111111111111111111111111
00000000000000000000000000000000