--------------------
Cycle:1	128	ADD R1, R0, R0

Registers
R00:	0	0	0	0	0	0	0	0
R08:	0	0	0	0	0	0	0	0
R16:	0	0	0	0	0	0	0	0
R24:	0	0	0	0	0	0	0	0

Data
184:	-1	-2	-3	1	2	4	-4	10
216:	7	9	1	0	-1	1	-1	0

--------------------
Cycle:2	132	ADD R6, R0, R0

Registers
R00:	0	0	0	0	0	0	0	0
R08:	0	0	0	0	0	0	0	0
R16:	0	0	0	0	0	0	0	0
R24:	0	0	0	0	0	0	0	0

Data
184:	-1	-2	-3	1	2	4	-4	10
216:	7	9	1	0	-1	1	-1	0

--------------------
Cycle:3	136	ADDI R2, R0, #3

Registers
R00:	0	0	3	0	0	0	0	0
R08:	0	0	0	0	0	0	0	0
R16:	0	0	0	0	0	0	0	0
R24:	0	0	0	0	0	0	0	0

Data
184:	-1	-2	-3	1	2	4	-4	10
216:	7	9	1	0	-1	1	-1	0

--------------------
Cycle:4	140	BEQ R1, R2, #36

Registers
R00:	0	0	3	0	0	0	0	0
R08:	0	0	0	0	0	0	0	0
R16:	0	0	0	0	0	0	0	0
R24:	0	0	0	0	0	0	0	0

Data
184:	-1	-2	-3	1	2	4	-4	10
216:	7	9	1	0	-1	1	-1	0

--------------------
Cycle:5	144	LW R3, 184(R6)

Registers
R00:	0	0	3	-1	0	0	0	0
R08:	0	0	0	0	0	0	0	0
R16:	0	0	0	0	0	0	0	0
R24:	0	0	0	0	0	0	0	0

Data
184:	-1	-2	-3	1	2	4	-4	10
216:	7	9	1	0	-1	1	-1	0

--------------------
Cycle:6	148	LW R4, 200(R6)

Registers
R00:	0	0	3	-1	2	0	0	0
R08:	0	0	0	0	0	0	0	0
R16:	0	0	0	0	0	0	0	0
R24:	0	0	0	0	0	0	0	0

Data
184:	-1	-2	-3	1	2	4	-4	10
216:	7	9	1	0	-1	1	-1	0

--------------------
Cycle:7	152	MUL R5, R3, R4

Registers
R00:	0	0	3	-1	2	-2	0	0
R08:	0	0	0	0	0	0	0	0
R16:	0	0	0	0	0	0	0	0
R24:	0	0	0	0	0	0	0	0

Data
184:	-1	-2	-3	1	2	4	-4	10
216:	7	9	1	0	-1	1	-1	0

--------------------
Cycle:8	156	BGTZ R5, #4

Registers
R00:	0	0	3	-1	2	-2	0	0
R08:	0	0	0	0	0	0	0	0
R16:	0	0	0	0	0	0	0	0
R24:	0	0	0	0	0	0	0	0

Data
184:	-1	-2	-3	1	2	4	-4	10
216:	7	9	1	0	-1	1	-1	0

--------------------
Cycle:9	160	ADDI R5, R5, #12

Registers
R00:	0	0	3	-1	2	10	0	0
R08:	0	0	0	0	0	0	0	0
R16:	0	0	0	0	0	0	0	0
R24:	0	0	0	0	0	0	0	0

Data
184:	-1	-2	-3	1	2	4	-4	10
216:	7	9	1	0	-1	1	-1	0

--------------------
Cycle:10	164	SW R5, 216(R6)

Registers
R00:	0	0	3	-1	2	10	0	0
R08:	0	0	0	0	0	0	0	0
R16:	0	0	0	0	0	0	0	0
R24:	0	0	0	0	0	0	0	0

Data
184:	-1	-2	-3	1	2	4	-4	10
216:	10	9	1	0	-1	1	-1	0

--------------------
Cycle:11	168	ADDI R1, R1, #1

Registers
R00:	0	1	3	-1	2	10	0	0
R08:	0	0	0	0	0	0	0	0
R16:	0	0	0	0	0	0	0	0
R24:	0	0	0	0	0	0	0	0

Data
184:	-1	-2	-3	1	2	4	-4	10
216:	10	9	1	0	-1	1	-1	0

--------------------
Cycle:12	172	ADDI R6, R6, #4

Registers
R00:	0	1	3	-1	2	10	4	0
R08:	0	0	0	0	0	0	0	0
R16:	0	0	0	0	0	0	0	0
R24:	0	0	0	0	0	0	0	0

Data
184:	-1	-2	-3	1	2	4	-4	10
216:	10	9	1	0	-1	1	-1	0

--------------------
Cycle:13	176	J #140

Registers
R00:	0	1	3	-1	2	10	4	0
R08:	0	0	0	0	0	0	0	0
R16:	0	0	0	0	0	0	0	0
R24:	0	0	0	0	0	0	0	0

Data
184:	-1	-2	-3	1	2	4	-4	10
216:	10	9	1	0	-1	1	-1	0

--------------------
Cycle:14	140	BEQ R1, R2, #36

Registers
R00:	0	1	3	-1	2	10	4	0
R08:	0	0	0	0	0	0	0	0
R16:	0	0	0	0	0	0	0	0
R24:	0	0	0	0	0	0	0	0

Data
184:	-1	-2	-3	1	2	4	-4	10
216:	10	9	1	0	-1	1	-1	0

--------------------
Cycle:15	144	LW R3, 184(R6)

Registers
R00:	0	1	3	-2	2	10	4	0
R08:	0	0	0	0	0	0	0	0
R16:	0	0	0	0	0	0	0	0
R24:	0	0	0	0	0	0	0	0

Data
184:	-1	-2	-3	1	2	4	-4	10
216:	10	9	1	0	-1	1	-1	0

--------------------
Cycle:16	148	LW R4, 200(R6)

Registers
R00:	0	1	3	-2	4	10	4	0
R08:	0	0	0	0	0	0	0	0
R16:	0	0	0	0	0	0	0	0
R24:	0	0	0	0	0	0	0	0

Data
184:	-1	-2	-3	1	2	4	-4	10
216:	10	9	1	0	-1	1	-1	0

--------------------
Cycle:17	152	MUL R5, R3, R4

Registers
R00:	0	1	3	-2	4	-8	4	0
R08:	0	0	0	0	0	0	0	0
R16:	0	0	0	0	0	0	0	0
R24:	0	0	0	0	0	0	0	0

Data
184:	-1	-2	-3	1	2	4	-4	10
216:	10	9	1	0	-1	1	-1	0

--------------------
Cycle:18	156	BGTZ R5, #4

Registers
R00:	0	1	3	-2	4	-8	4	0
R08:	0	0	0	0	0	0	0	0
R16:	0	0	0	0	0	0	0	0
R24:	0	0	0	0	0	0	0	0

Data
184:	-1	-2	-3	1	2	4	-4	10
216:	10	9	1	0	-1	1	-1	0

--------------------
Cycle:19	160	ADDI R5, R5, #12

Registers
R00:	0	1	3	-2	4	4	4	0
R08:	0	0	0	0	0	0	0	0
R16:	0	0	0	0	0	0	0	0
R24:	0	0	0	0	0	0	0	0

Data
184:	-1	-2	-3	1	2	4	-4	10
216:	10	9	1	0	-1	1	-1	0

--------------------
Cycle:20	164	SW R5, 216(R6)

Registers
R00:	0	1	3	-2	4	4	4	0
R08:	0	0	0	0	0	0	0	0
R16:	0	0	0	0	0	0	0	0
R24:	0	0	0	0	0	0	0	0

Data
184:	-1	-2	-3	1	2	4	-4	10
216:	10	4	1	0	-1	1	-1	0

--------------------
Cycle:21	168	ADDI R1, R1, #1

Registers
R00:	0	2	3	-2	4	4	4	0
R08:	0	0	0	0	0	0	0	0
R16:	0	0	0	0	0	0	0	0
R24:	0	0	0	0	0	0	0	0

Data
184:	-1	-2	-3	1	2	4	-4	10
216:	10	4	1	0	-1	1	-1	0

--------------------
Cycle:22	172	ADDI R6, R6, #4

Registers
R00:	0	2	3	-2	4	4	8	0
R08:	0	0	0	0	0	0	0	0
R16:	0	0	0	0	0	0	0	0
R24:	0	0	0	0	0	0	0	0

Data
184:	-1	-2	-3	1	2	4	-4	10
216:	10	4	1	0	-1	1	-1	0

--------------------
Cycle:23	176	J #140

Registers
R00:	0	2	3	-2	4	4	8	0
R08:	0	0	0	0	0	0	0	0
R16:	0	0	0	0	0	0	0	0
R24:	0	0	0	0	0	0	0	0

Data
184:	-1	-2	-3	1	2	4	-4	10
216:	10	4	1	0	-1	1	-1	0

--------------------
Cycle:24	140	BEQ R1, R2, #36

Registers
R00:	0	2	3	-2	4	4	8	0
R08:	0	0	0	0	0	0	0	0
R16:	0	0	0	0	0	0	0	0
R24:	0	0	0	0	0	0	0	0

Data
184:	-1	-2	-3	1	2	4	-4	10
216:	10	4	1	0	-1	1	-1	0

--------------------
Cycle:25	144	LW R3, 184(R6)

Registers
R00:	0	2	3	-3	4	4	8	0
R08:	0	0	0	0	0	0	0	0
R16:	0	0	0	0	0	0	0	0
R24:	0	0	0	0	0	0	0	0

Data
184:	-1	-2	-3	1	2	4	-4	10
216:	10	4	1	0	-1	1	-1	0

--------------------
Cycle:26	148	LW R4, 200(R6)

Registers
R00:	0	2	3	-3	-4	4	8	0
R08:	0	0	0	0	0	0	0	0
R16:	0	0	0	0	0	0	0	0
R24:	0	0	0	0	0	0	0	0

Data
184:	-1	-2	-3	1	2	4	-4	10
216:	10	4	1	0	-1	1	-1	0

--------------------
Cycle:27	152	MUL R5, R3, R4

Registers
R00:	0	2	3	-3	-4	12	8	0
R08:	0	0	0	0	0	0	0	0
R16:	0	0	0	0	0	0	0	0
R24:	0	0	0	0	0	0	0	0

Data
184:	-1	-2	-3	1	2	4	-4	10
216:	10	4	1	0	-1	1	-1	0

--------------------
Cycle:28	156	BGTZ R5, #4

Registers
R00:	0	2	3	-3	-4	12	8	0
R08:	0	0	0	0	0	0	0	0
R16:	0	0	0	0	0	0	0	0
R24:	0	0	0	0	0	0	0	0

Data
184:	-1	-2	-3	1	2	4	-4	10
216:	10	4	1	0	-1	1	-1	0

--------------------
Cycle:29	164	SW R5, 216(R6)

Registers
R00:	0	2	3	-3	-4	12	8	0
R08:	0	0	0	0	0	0	0	0
R16:	0	0	0	0	0	0	0	0
R24:	0	0	0	0	0	0	0	0

Data
184:	-1	-2	-3	1	2	4	-4	10
216:	10	4	12	0	-1	1	-1	0

--------------------
Cycle:30	168	ADDI R1, R1, #1

Registers
R00:	0	3	3	-3	-4	12	8	0
R08:	0	0	0	0	0	0	0	0
R16:	0	0	0	0	0	0	0	0
R24:	0	0	0	0	0	0	0	0

Data
184:	-1	-2	-3	1	2	4	-4	10
216:	10	4	12	0	-1	1	-1	0

--------------------
Cycle:31	172	ADDI R6, R6, #4

Registers
R00:	0	3	3	-3	-4	12	12	0
R08:	0	0	0	0	0	0	0	0
R16:	0	0	0	0	0	0	0	0
R24:	0	0	0	0	0	0	0	0

Data
184:	-1	-2	-3	1	2	4	-4	10
216:	10	4	12	0	-1	1	-1	0

--------------------
Cycle:32	176	J #140

Registers
R00:	0	3	3	-3	-4	12	12	0
R08:	0	0	0	0	0	0	0	0
R16:	0	0	0	0	0	0	0	0
R24:	0	0	0	0	0	0	0	0

Data
184:	-1	-2	-3	1	2	4	-4	10
216:	10	4	12	0	-1	1	-1	0

--------------------
Cycle:33	140	BEQ R1, R2, #36

Registers
R00:	0	3	3	-3	-4	12	12	0
R08:	0	0	0	0	0	0	0	0
R16:	0	0	0	0	0	0	0	0
R24:	0	0	0	0	0	0	0	0

Data
184:	-1	-2	-3	1	2	4	-4	10
216:	10	4	12	0	-1	1	-1	0

--------------------
Cycle:34	180	BREAK

Registers
R00:	0	3	3	-3	-4	12	12	0
R08:	0	0	0	0	0	0	0	0
R16:	0	0	0	0	0	0	0	0
R24:	0	0	0	0	0	0	0	0

Data
184:	-1	-2	-3	1	2	4	-4	10
216:	10	4	12	0	-1	1	-1	0
